Vector_Capacity = 100 
2
2
1
1
2
1
1
1
1
1
1
1
1
1
1
1
1
1
1
1
1
1
1
1
2
1
1
1
1
1
1
2
1
1
1
1
1
1
1
1
1
1
1
1
2
1
1
1
1
1
1
1
1
1
1
1
1
1
1
1
1
1
1
1
1
1
1
1
1
4
1
1
1
1
1
1
1
1
1
1
2
1
1
1
2
1
1
1
1
1
1
1
1
1
1
1
1
1
1
1
Vector_Capacity = 1,000 
1
1
2
1
1
3
1
1
1
1
1
1
2
1
1
1
1
1
1
1
1
1
1
2
1
1
1
1
1
1
1
1
1
1
1
1
1
1
1
1
1
1
1
1
1
2
1
1
1
1
1
2
1
1
1
1
1
1
1
1
1
1
1
1
1
1
1
1
1
2
1
1
1
1
1
1
1
1
1
2
1
1
1
1
1
1
4
1
1
1
1
1
1
1
1
1
1
1
1
1
Vector_Capacity = 10,000 
2
1
1
1
1
2
1
1
2
1
1
1
1
2
1
1
2
1
2
1
3
1
1
1
1
2
1
3
1
1
1
2
2
1
1
2
2
1
1
1
2
1
1
1
1
1
1
2
1
2
1
2
1
2
1
2
1
1
1
1
2
1
2
2
2
1
2
1
2
2
2
1
1
2
1
4
2
2
1
2
1
2
1
2
1
2
1
3
1
2
1
1
1
1
2
1
3
1
1
4
Vector_Capacity = 100,000 
1
2
3
3
2
2
2
1
2
1
2
1
1
1
2
1
2
1
1
1
2
1
2
1
2
1
2
1
2
1
1
1
2
2
1
1
1
2
1
2
1
1
2
1
3
1
2
1
2
1
2
1
2
1
2
1
1
1
4
1
2
1
1
1
1
2
1
2
1
1
1
2
1
2
2
5
1
1
1
1
2
1
1
1
2
2
4
1
2
2
1
2
1
2
2
2
1
2
1
2
