Vector_Capacity = 100 
9
10
6
6
6
9
6
6
6
6
6
6
9
6
6
6
6
9
9
9
6
6
6
6
12
6
6
6
6
6
6
6
6
6
6
6
7
6
6
6
6
6
6
6
8
6
9
6
6
6
6
6
6
6
6
6
6
6
6
6
6
6
6
6
6
6
6
6
6
6
6
6
6
6
6
6
6
6
6
6
6
6
6
6
6
6
9
6
6
6
10
6
6
6
6
9
6
6
6
6
Vector_Capacity = 1,000 
66
68
71
66
68
86
67
67
67
68
73
70
68
68
67
68
67
69
68
68
67
67
68
68
67
67
68
67
68
68
66
67
67
70
68
68
67
68
67
67
68
68
68
67
67
102
68
72
67
67
68
68
68
72
67
67
71
69
68
68
68
68
68
67
67
68
68
67
68
79
68
67
68
67
68
68
67
68
67
68
68
67
68
67
67
67
67
68
67
67
67
67
67
95
68
68
71
68
68
68
Vector_Capacity = 10,000 
1026
909
923
975
920
926
926
909
1104
928
920
924
933
936
910
933
935
917
975
932
933
941
926
932
923
941
926
985
929
919
905
933
909
1082
918
919
931
933
965
920
932
918
972
925
933
923
929
951
931
1360
966
1048
933
1122
938
1055
907
934
1019
931
929
934
1456
950
1448
905
1220
918
956
1175
998
975
932
1201
956
1372
961
1335
909
926
1455
985
913
1436
935
938
930
930
951
932
933
930
981
955
931
1224
1012
886
932
978
Vector_Capacity = 100,000 
13052
16471
12714
13195
11304
11254
11295
11267
12134
11356
11489
12208
11630
11301
11734
11604
11457
11318
11675
11378
11481
11351
11399
11430
11424
11289
11568
11221
11306
11320
11410
11357
11366
11286
11423
11214
11344
11184
11409
11423
11531
11792
12392
11555
11491
11336
11961
11369
11297
11594
13524
13714
11352
11348
11318
11282
11260
14173
11432
11568
11375
11366
11418
11383
11402
12141
13595
11471
11537
11694
11316
11302
13314
11648
11365
11382
11387
13889
11287
12136
12248
11239
11316
11456
11428
11374
12868
11261
13934
11754
11414
11309
11652
11858
11389
11743
11345
11549
11260
11335
