Vector_Capacity = 100 
41
24
24
27
24
26
25
48
24
24
24
24
25
24
30
36
25
26
34
26
24
24
25
25
24
25
26
25
32
25
24
27
25
24
26
30
26
25
25
25
25
25
25
25
32
24
32
25
26
33
30
25
25
24
25
24
24
25
24
25
24
26
24
24
24
27
24
24
25
24
24
24
24
24
25
25
26
33
23
32
24
25
24
32
25
25
24
25
24
24
24
28
25
25
25
25
25
24
24
24
Vector_Capacity = 1,000 
152
357
143
139
140
175
141
142
140
139
141
141
140
141
141
141
164
141
179
141
140
140
142
140
141
174
140
151
140
140
139
144
139
152
139
140
140
140
140
188
143
139
144
139
141
142
140
140
143
140
140
142
140
140
139
140
141
142
139
140
159
177
142
143
140
140
144
149
149
141
140
139
141
145
148
140
143
141
141
142
140
140
139
139
141
155
140
145
141
144
140
140
149
157
147
142
139
139
140
141
Vector_Capacity = 10,000 
1943
1966
1964
1921
1892
1907
1882
1922
1891
1886
2003
1883
1886
1919
1890
2035
1888
1889
1928
1886
1934
1890
1936
1888
1922
1952
1969
1895
1893
1890
1881
1965
1886
2005
1890
2019
1884
1937
1937
1892
1890
1885
2003
1886
2024
1917
1995
1889
1928
1889
1959
1904
1986
1992
1927
2056
1929
2138
1880
1895
1970
1919
2259
2292
1890
1956
1985
1883
1979
1914
2022
1914
1958
1951
1885
2725
2588
2009
1990
1906
2082
3257
2062
1885
1987
1892
2381
1910
1915
1975
1883
1961
1893
1883
3256
1975
1954
1910
1997
1921
Vector_Capacity = 100,000 
24420
23947
26628
23812
23790
23852
23486
24387
23495
23645
23510
25573
24418
24192
23932
24843
23991
26803
23629
23890
23671
23702
23992
23653
23427
24158
25357
23696
23716
24497
23436
24410
23974
23925
23633
23800
23567
23861
23772
24074
23764
27393
23636
24083
23910
23674
25855
23514
23771
23950
23437
23632
23823
23522
23775
24113
23554
23635
23718
24018
23806
23763
24154
23918
23784
26962
24874
23480
24215
23466
23804
23375
25752
23401
42317
23374
25326
23604
23928
23666
23631
23515
23417
23615
23737
23609
23494
23801
24046
23459
23497
23766
24020
23591
24141
23419
23943
25775
24148
23433
