Vector_Capacity = 100 
2
1
1
1
2
2
1
3
1
1
1
2
2
1
1
1
1
1
1
5
1
1
1
2
2
1
1
1
1
2
1
1
1
1
2
1
1
1
1
2
1
1
1
1
11
2
2
1
1
1
5
1
1
1
1
1
2
1
1
1
1
2
1
1
1
1
1
1
1
2
1
1
1
1
1
1
1
2
1
1
1
1
1
4
2
2
1
2
1
1
3
2
2
1
2
1
1
1
1
1
Vector_Capacity = 1,000 
1
3
1
2
2
1
1
1
1
1
3
2
1
1
1
2
2
2
1
1
1
2
3
1
1
1
1
3
2
1
1
1
2
3
1
1
1
1
2
2
2
1
1
1
2
2
1
1
1
1
2
3
1
1
1
1
3
2
1
1
1
2
2
1
1
2
1
2
5
3
1
1
1
1
2
1
1
1
1
3
1
1
1
1
1
1
2
2
1
1
1
1
2
3
1
1
1
1
1
1
Vector_Capacity = 10,000 
2
1
4
1
1
2
1
6
2
2
6
2
3
2
1
3
2
1
2
1
2
1
3
1
1
2
2
2
3
1
2
2
1
2
2
4
2
3
1
2
1
1
2
1
3
2
4
2
7
2
6
2
2
2
1
2
2
3
1
2
2
2
4
4
1
2
2
2
3
3
3
2
3
2
3
3
4
2
6
2
3
2
3
2
3
1
3
2
2
2
1
6
2
1
2
2
3
2
4
2
Vector_Capacity = 100,000 
3
4
4
3
2
3
3
2
2
4
2
2
6
4
2
4
2
7
5
3
2
4
2
2
2
2
2
3
3
3
2
3
2
3
3
2
2
3
4
2
4
3
2
3
2
2
3
4
2
2
2
3
2
4
2
2
2
3
2
2
2
4
2
2
2
3
3
2
2
2
3
2
2
2
4
4
2
3
2
2
3
4
3
3
2
4
2
3
3
2
5
2
2
2
2
2
2
3
3
2
